0.48
0.96
1.44
1.92
2
1.52
1.04
0.56
0.08
-0.4
-0.88
-1.36
-1.84
-1.36
-0.88
-0.4
0.08
0.56
1.04
1.52
2
1.52
1.04
0.56
0.08
-0.4
-0.88
-1.36
-1.84
-2
-1.52
-1.04
-0.56
-0.08
0.4
0.88
1.36
1.84
1.36
0.88
0.4
-0.08
-0.56
-1.04
-1.52
-2
-1.52
-1.04
-0.56
-0.08
0.48
0.96
1.44
1.92
2
1.52
1.04
0.56
0.08
-0.4
-0.88
-1.36
-1.84
-1.36
-0.88
-0.4
0.08
0.56
1.04
1.52
2
1.52
1.04
0.56
0.08
-0.4
-0.88
-1.36
-1.84
-2
-1.52
-1.04
-0.56
-0.08
0.4
0.88
1.36
1.84
1.36
0.88
0.4
-0.08
-0.56
-1.04
-1.52
-2
-1.52
-1.04
-0.56
-0.08
0.48
0.96
1.44
1.92
2
1.52
1.04
0.56
0.08
-0.4
-0.88
-1.36
-1.84
-1.36
-0.88
-0.4
0.08
0.56
1.04
1.52
2
1.52
1.04
0.56
0.08
-0.4
-0.88
-1.36
-1.84
-2
-1.52
-1.04
-0.56
-0.08
0.4
0.88
1.36
1.84
1.36
0.88
0.4
-0.08
-0.56
-1.04
-1.52
-2
-1.52
-1.04
-0.56
-0.08
0.48
0.96
1.44
1.92
2
1.52
1.04
0.56
0.08
-0.4
-0.88
-1.36
-1.84
-1.36
-0.88
-0.4
0.08
0.56
1.04
1.52
2
1.52
1.04
0.56
0.08
-0.4
-0.88
-1.36
-1.84
-2
-1.52
-1.04
-0.56
-0.08
0.4
0.88
1.36
1.84
1.36
0.88
0.4
-0.08
-0.56
-1.04
-1.52
-2
-1.52
-1.04
-0.56
-0.08
0.48
0.96
1.44
1.92
2
1.52
1.04
0.56
0.08
-0.4
-0.88
-1.36
-1.84
-1.36
-0.88
-0.4
0.08
0.56
1.04
1.52
2
1.52
1.04
0.56
0.08
-0.4
-0.88
-1.36
-1.84
-2
-1.52
-1.04
-0.56
-0.08
0.4
0.88
1.36
1.84
1.36
0.88
0.4
-0.08
-0.56
-1.04
-1.52
-2
-1.52
-1.04
-0.56
-0.08
0.48
0.96
1.44
1.92
2
1.52
1.04
0.56
0.08
-0.4
-0.88
-1.36
-1.84
-1.36
-0.88
-0.4
0.08
0.56
1.04
1.52
2
1.52
1.04
0.56
0.08
-0.4
-0.88
-1.36
-1.84
-2
-1.52
-1.04
-0.56
-0.08
0.4
0.88
1.36
1.84
1.36
0.88
0.4
-0.08
-0.56
-1.04
-1.52
-2
-1.52
-1.04
-0.56
-0.08
0.48
0.96
1.44
1.92
2
1.52
1.04
0.56
0.08
-0.4
-0.88
-1.36
-1.84
-1.36
-0.88
-0.4
0.08
0.56
1.04
1.52
2
1.52
1.04
0.56
0.08
-0.4
-0.88
-1.36
-1.84
-2
-1.52
-1.04
-0.56
-0.08
0.4
0.88
1.36
1.84
1.36
0.88
0.4
-0.08
-0.56
-1.04
-1.52
-2
-1.52
-1.04
-0.56
-0.08
0.48
0.96
1.44
1.92
2
1.52
1.04
0.56
0.08
-0.4
-0.88
-1.36
-1.84
-1.36
-0.88
-0.4
0.08
0.56
1.04
1.52
2
1.52
1.04
0.56
0.08
-0.4
-0.88
-1.36
-1.84
-2
-1.52
-1.04
-0.56
-0.08
0.4
0.88
1.36
1.84
1.36
0.88
0.4
-0.08
-0.56
-1.04
-1.52
-2
-1.52
-1.04
-0.56
-0.08
0.48
0.96
1.44
1.92
2
1.52
1.04
0.56
0.08
-0.4
-0.88
-1.36
-1.84
-1.36
-0.88
-0.4
0.08
0.56
1.04
1.52
2
1.52
1.04
0.56
0.08
-0.4
-0.88
-1.36
-1.84
-2
-1.52
-1.04
-0.56
-0.08
0.4
0.88
1.36
1.84
1.36
0.88
0.4
-0.08
-0.56
-1.04
-1.52
-2
-1.52
-1.04
-0.56
-0.08
0.48
0.96
1.44
1.92
2
1.52
1.04
0.56
0.08
-0.4
-0.88
-1.36
-1.84
-1.36
-0.88
-0.4
0.08
0.56
1.04
1.52
2
1.52
1.04
0.56
0.08
-0.4
-0.88
-1.36
-1.84
-2
-1.52
-1.04
-0.56
-0.08
0.4
0.88
1.36
1.84
1.36
0.88
0.4
-0.08
-0.56
-1.04
-1.52
-2
-1.52
-1.04
-0.56
-0.08
