0,3.36
1,3.36
2,3.36
3,3.36
4,3.36
5,3.36
6,3.36
7,3.36
8,3.36
9,3.36
10,3.36
11,3.36
12,3.36
13,3.36
14,3.36
15,3.36
16,3.36
17,3.36
18,3.36
19,3.36
20,3.36
21,3.36
22,3.36
23,3.36
24,3.36
25,3.36
26,3.36
27,3.36
28,3.36
29,3.36
30,3.36
31,3.36
32,3.36
33,3.36
34,3.36
35,3.36
36,3.36
37,3.36
38,3.36
39,3.36
40,3.36
41,3.36
42,3.36
43,3.36
44,3.36
45,3.36
46,3.36
47,3.36
48,3.36
49,3.36
50,3.36
51,3.36
52,3.36
53,3.36
54,3.36
55,3.36
56,3.36
57,3.36
58,3.36
59,3.36
60,3.36
61,3.36
62,3.36
63,3.36
64,3.36
65,3.36
66,3.36
67,3.36
68,3.36
69,3.36
70,3.36
71,3.36
72,3.36
73,3.36
74,3.36
75,3.36
76,3.36
77,3.36
78,3.36
79,3.36
80,3.36
81,3.36
82,3.36
83,3.36
84,3.36
85,3.36
86,3.36
87,3.36
88,3.36
89,3.36
90,3.36
91,3.36
92,3.36
93,3.36
94,3.36
95,3.36
96,3.36
97,3.36
98,3.36
99,3.36
100,3.36
101,3.3628
102,3.3656
103,3.3684
104,3.3712
105,3.374
106,3.3768
107,3.3796
108,3.3824
109,3.3852
110,3.388
111,3.3908
112,3.3936
113,3.3964
114,3.3992
115,3.402
116,3.4048
117,3.4076
118,3.4104
119,3.4132
120,3.416
121,3.4188
122,3.4216
123,3.4244
124,3.4272
125,3.43
126,3.4328
127,3.4356
128,3.4384
129,3.4412
130,3.444
131,3.4468
132,3.4496
133,3.4524
134,3.4552
135,3.458
136,3.4608
137,3.4636
138,3.4664
139,3.4692
140,3.472
141,3.4748
142,3.4776
143,3.4804
144,3.4832
145,3.486
146,3.4888
147,3.4916
148,3.4944
149,3.4972
150,3.5
151,3.5028
152,3.5056
153,3.5084
154,3.5112
155,3.514
156,3.5168
157,3.5196
158,3.5224
159,3.5252
160,3.528
161,3.5308
162,3.5336
163,3.5364
164,3.5392
165,3.542
166,3.5448
167,3.5476
168,3.5504
169,3.5532
170,3.556
171,3.5588
172,3.5616
173,3.5644
174,3.5672
175,3.57
176,3.5728
177,3.5756
178,3.5784
179,3.5812
180,3.584
181,3.5868
182,3.5896
183,3.5924
184,3.5952
185,3.598
186,3.6008
187,3.6036
188,3.6064
189,3.6092
190,3.612
191,3.6148
192,3.6176
193,3.6204
194,3.6232
195,3.626
196,3.6288
197,3.6316
198,3.6344
199,3.6372
200,3.64
201,3.6428
202,3.6456
203,3.6484
204,3.6512
205,3.654
206,3.6568
207,3.6596
208,3.6624
209,3.6652
210,3.668
211,3.6708
212,3.6736
213,3.6764
214,3.6792
215,3.682
216,3.6848
217,3.6876
218,3.6904
219,3.6932
220,3.696
221,3.6988
222,3.7016
223,3.7044
224,3.7072
225,3.71
226,3.7128
227,3.7156
228,3.7184
229,3.7212
230,3.724
231,3.7268
232,3.7296
233,3.7324
234,3.7352
235,3.738
236,3.7408
237,3.7436
238,3.7464
239,3.7492
240,3.752
241,3.7548
242,3.7576
243,3.7604
244,3.7632
245,3.766
246,3.7688
247,3.7716
248,3.7744
249,3.7772
250,3.78
251,3.7828
252,3.7856
253,3.7884
254,3.7912
255,3.794
256,3.7968
257,3.7996
258,3.8024
259,3.8052
260,3.808
261,3.8108
262,3.8136
263,3.8164
264,3.8192
265,3.822
266,3.8248
267,3.8276
268,3.8304
269,3.8332
270,3.836
271,3.8388
272,3.8416
273,3.8444
274,3.8472
275,3.85
276,3.8528
277,3.8556
278,3.8584
279,3.8612
280,3.864
281,3.8668
282,3.8696
283,3.8724
284,3.8752
285,3.878
286,3.8808
287,3.8836
288,3.8864
289,3.8892
290,3.892
291,3.8948
292,3.8976
293,3.9004
294,3.9032
295,3.906
296,3.9088
297,3.9116
298,3.9144
299,3.9172
300,3.92
301,3.9228
302,3.9256
303,3.9284
304,3.9312
305,3.934
306,3.9368
307,3.9396
308,3.9424
309,3.9452
310,3.948
311,3.9508
312,3.9536
313,3.9564
314,3.9592
315,3.962
316,3.9648
317,3.9676
318,3.9704
319,3.9732
320,3.976
321,3.9788
322,3.9816
323,3.9844
324,3.9872
325,3.99
326,3.9928
327,3.9956
328,3.9984
329,4.0012
330,4.004
331,4.0068
332,4.0096
333,4.0124
334,4.0152
335,4.018
336,4.0208
337,4.0236
338,4.0264
339,4.0292
340,4.032
341,4.0348
342,4.0376
343,4.0404
344,4.0432
345,4.046
346,4.0488
347,4.0516
348,4.0544
349,4.0572
350,4.06
351,4.0628
352,4.0656
353,4.0684
354,4.0712
355,4.074
356,4.0768
357,4.0796
358,4.0824
359,4.0852
360,4.088
361,4.0908
362,4.0936
363,4.0964
364,4.0992
365,4.102
366,4.1048
367,4.1076
368,4.1104
369,4.1132
370,4.116
371,4.1188
372,4.1216
373,4.1244
374,4.1272
375,4.13
376,4.1328
377,4.1356
378,4.1384
379,4.1412
380,4.144
381,4.1468
382,4.1496
383,4.1524
384,4.1552
385,4.158
386,4.1608
387,4.1636
388,4.1664
389,4.1692
390,4.172
391,4.1748
392,4.1776
393,4.1804
394,4.1832
395,4.186
396,4.1888
397,4.1916
398,4.1944
399,4.1972
400,4.2
401,4.2028
402,4.2056
403,4.2084
404,4.2112
405,4.214
406,4.2168
407,4.2196
408,4.2224
409,4.2252
410,4.228
411,4.2308
412,4.2336
413,4.2364
414,4.2392
415,4.242
416,4.2448
417,4.2476
418,4.2504
419,4.2532
420,4.256
421,4.2588
422,4.2616
423,4.2644
424,4.2672
425,4.27
426,4.2728
427,4.2756
428,4.2784
429,4.2812
430,4.284
431,4.2868
432,4.2896
433,4.2924
434,4.2952
435,4.298
436,4.3008
437,4.3036
438,4.3064
439,4.3092
440,4.312
441,4.3148
442,4.3176
443,4.3204
444,4.3232
445,4.326
446,4.3288
447,4.3316
448,4.3344
449,4.3372
450,4.34
451,4.3428
452,4.3456
453,4.3484
454,4.3512
455,4.354
456,4.3568
457,4.3596
458,4.3624
459,4.3652
460,4.368
461,4.3708
462,4.3736
463,4.3764
464,4.3792
465,4.382
466,4.3848
467,4.3876
468,4.3904
469,4.3932
470,4.396
471,4.3988
472,4.4016
473,4.4044
474,4.4072
475,4.41
476,4.4128
477,4.4156
478,4.4184
479,4.4212
480,4.424
481,4.4268
482,4.4296
483,4.4324
484,4.4352
485,4.438
486,4.4408
487,4.4436
488,4.4464
489,4.4492
490,4.452
491,4.4548
492,4.4576
493,4.4604
494,4.4632
495,4.466
496,4.4688
497,4.4716
498,4.4744
499,4.4772
500,4.48
501,4.4828
502,4.4856
503,4.4884
504,4.4912
505,4.494
506,4.4968
507,4.4996
508,4.5024
509,4.5052
510,4.508
511,4.5108
512,4.5136
513,4.5164
514,4.5192
515,4.522
516,4.5248
517,4.5276
518,4.5304
519,4.5332
520,4.536
521,4.5388
522,4.5416
523,4.5444
524,4.5472
525,4.55
526,4.5528
527,4.5556
528,4.5584
529,4.5612
530,4.564
531,4.5668
532,4.5696
533,4.5724
534,4.5752
535,4.578
536,4.5808
537,4.5836
538,4.5864
539,4.5892
540,4.592
541,4.5948
542,4.5976
543,4.6004
544,4.6032
545,4.606
546,4.6088
547,4.6116
548,4.6144
549,4.6172
550,4.62
551,4.6228
552,4.6256
553,4.6284
554,4.6312
555,4.634
556,4.6368
557,4.6396
558,4.6424
559,4.6452
560,4.648
561,4.6508
562,4.6536
563,4.6564
564,4.6592
565,4.662
566,4.6648
567,4.6676
568,4.6704
569,4.6732
570,4.676
571,4.6788
572,4.6816
573,4.6844
574,4.6872
575,4.69
576,4.6928
577,4.6956
578,4.6984
579,4.7012
580,4.704
581,4.7068
582,4.7096
583,4.7124
584,4.7152
585,4.718
586,4.7208
587,4.7236
588,4.7264
589,4.7292
590,4.732
591,4.7348
592,4.7376
593,4.7404
594,4.7432
595,4.746
596,4.7488
597,4.7516
598,4.7544
599,4.7572
600,4.76
601,4.7628
602,4.7656
603,4.7684
604,4.7712
605,4.774
606,4.7768
607,4.7796
608,4.7824
609,4.7852
610,4.788
611,4.7908
612,4.7936
613,4.7964
614,4.7992
615,4.802
616,4.8048
617,4.8076
618,4.8104
619,4.8132
620,4.816
621,4.8188
622,4.8216
623,4.8244
624,4.8272
625,4.83
626,4.8328
627,4.8356
628,4.8384
629,4.8412
630,4.844
631,4.8468
632,4.8496
633,4.8524
634,4.8552
635,4.858
636,4.8608
637,4.8636
638,4.8664
639,4.8692
640,4.872
641,4.8748
642,4.8776
643,4.8804
644,4.8832
645,4.886
646,4.8888
647,4.8916
648,4.8944
649,4.8972
650,4.9
651,4.9028
652,4.9056
653,4.9084
654,4.9112
655,4.914
656,4.9168
657,4.9196
658,4.9224
659,4.9252
660,4.928
661,4.9308
662,4.9336
663,4.9364
664,4.9392
665,4.942
666,4.9448
667,4.9476
668,4.9504
669,4.9532
670,4.956
671,4.9588
672,4.9616
673,4.9644
674,4.9672
675,4.97
676,4.9728
677,4.9756
678,4.9784
679,4.9812
680,4.984
681,4.9868
682,4.9896
683,4.9924
684,4.9952
685,4.998
686,5.0008
687,5.0036
688,5.0064
689,5.0092
690,5.012
691,5.0148
692,5.0176
693,5.0204
694,5.0232
695,5.026
696,5.0288
697,5.0316
698,5.0344
699,5.0372
700,5.04
701,5.0428
702,5.0456
703,5.0484
704,5.0512
705,5.054
706,5.0568
707,5.0596
708,5.0624
709,5.0652
710,5.068
711,5.0708
712,5.0736
713,5.0764
714,5.0792
715,5.082
716,5.0848
717,5.0876
718,5.0904
719,5.0932
720,5.096
721,5.0988
722,5.1016
723,5.1044
724,5.1072
725,5.11
726,5.1128
727,5.1156
728,5.1184
729,5.1212
730,5.124
731,5.1268
732,5.1296
733,5.1324
734,5.1352
735,5.138
736,5.1408
737,5.1436
738,5.1464
739,5.1492
740,5.152
741,5.1548
742,5.1576
743,5.1604
744,5.1632
745,5.166
746,5.1688
747,5.1716
748,5.1744
749,5.1772
750,5.18
751,5.1828
752,5.1856
753,5.1884
754,5.1912
755,5.194
756,5.1968
757,5.1996
758,5.2024
759,5.2052
760,5.208
761,5.2108
762,5.2136
763,5.2164
764,5.2192
765,5.222
766,5.2248
767,5.2276
768,5.2304
769,5.2332
770,5.236
771,5.2388
772,5.2416
773,5.2444
774,5.2472
775,5.25
776,5.2528
777,5.2556
778,5.2584
779,5.2612
780,5.264
781,5.2668
782,5.2696
783,5.2724
784,5.2752
785,5.278
786,5.2808
787,5.2836
788,5.2864
789,5.2892
790,5.292
791,5.2948
792,5.2976
793,5.3004
794,5.3032
795,5.306
796,5.3088
797,5.3116
798,5.3144
799,5.3172
800,5.32
801,5.3228
802,5.3256
803,5.3284
804,5.3312
805,5.334
806,5.3368
807,5.3396
808,5.3424
809,5.3452
810,5.348
811,5.3508
812,5.3536
813,5.3564
814,5.3592
815,5.362
816,5.3648
817,5.3676
818,5.3704
819,5.3732
820,5.376
821,5.3788
822,5.3816
823,5.3844
824,5.3872
825,5.39
826,5.3928
827,5.3956
828,5.3984
829,5.4012
830,5.404
831,5.4068
832,5.4096
833,5.4124
834,5.4152
835,5.418
836,5.4208
837,5.4236
838,5.4264
839,5.4292
840,5.432
841,5.4348
842,5.4376
843,5.4404
844,5.4432
845,5.446
846,5.4488
847,5.4516
848,5.4544
849,5.4572
850,5.46
851,5.4628
852,5.4656
853,5.4684
854,5.4712
855,5.474
856,5.4768
857,5.4796
858,5.4824
859,5.4852
860,5.488
861,5.4908
862,5.4936
863,5.4964
864,5.4992
865,5.502
866,5.5048
867,5.5076
868,5.5104
869,5.5132
870,5.516
871,5.5188
872,5.5216
873,5.5244
874,5.5272
875,5.53
876,5.5328
877,5.5356
878,5.5384
879,5.5412
880,5.544
881,5.5468
882,5.5496
883,5.5524
884,5.5552
885,5.558
886,5.5608
887,5.5636
888,5.5664
889,5.5692
890,5.572
891,5.5748
892,5.5776
893,5.5804
894,5.5832
895,5.586
896,5.5888
897,5.5916
898,5.5944
899,5.5972
900,5.6
901,5.6028
902,5.6056
903,5.6084
904,5.6112
905,5.614
906,5.6168
907,5.6196
908,5.6224
909,5.6252
910,5.628
911,5.6308
912,5.6336
913,5.6364
914,5.6392
915,5.642
916,5.6448
917,5.6476
918,5.6504
919,5.6532
920,5.656
921,5.6588
922,5.6616
923,5.6644
924,5.6672
925,5.67
926,5.6728
927,5.6756
928,5.6784
929,5.6812
930,5.684
931,5.6868
932,5.6896
933,5.6924
934,5.6952
935,5.698
936,5.7008
937,5.7036
938,5.7064
939,5.7092
940,5.712
941,5.7148
942,5.7176
943,5.7204
944,5.7232
945,5.726
946,5.7288
947,5.7316
948,5.7344
949,5.7372
950,5.74
951,5.7428
952,5.7456
953,5.7484
954,5.7512
955,5.754
956,5.7568
957,5.7596
958,5.7624
959,5.7652
960,5.768
961,5.7708
962,5.7736
963,5.7764
964,5.7792
965,5.782
966,5.7848
967,5.7876
968,5.7904
969,5.7932
970,5.796
971,5.7988
972,5.8016
973,5.8044
974,5.8072
975,5.81
976,5.8128
977,5.8156
978,5.8184
979,5.8212
980,5.824
981,5.8268
982,5.8296
983,5.8324
984,5.8352
985,5.838
986,5.8408
987,5.8436
988,5.8464
989,5.8492
990,5.852
991,5.8548
992,5.8576
993,5.8604
994,5.8632
995,5.866
996,5.8688
997,5.8716
998,5.8744
999,5.8772
1000,0
1001,0
1002,0
1003,0
1004,0
1005,0
1006,0
1007,0
1008,0
1009,0
1010,0
1011,0
1012,0
1013,0
1014,0
1015,0
1016,0
1017,0
1018,0
1019,0
1020,0
1021,0
1022,0
1023,0
1024,0
1025,0
1026,0
1027,0
1028,0
1029,0
1030,0
1031,0
1032,0
1033,0
1034,0
1035,0
1036,0
1037,0
1038,0
1039,0
1040,0
1041,0
1042,0
1043,0
1044,0
1045,0
1046,0
1047,0
1048,0
1049,0
1050,0
1051,0
1052,0
1053,0
1054,0
1055,0
1056,0
1057,0
1058,0
1059,0
1060,0
1061,0
1062,0
1063,0
1064,0
1065,0
1066,0
1067,0
1068,0
1069,0
1070,0
1071,0
1072,0
1073,0
1074,0
1075,0
1076,0
1077,0
1078,0
1079,0
1080,0
1081,0
1082,0
1083,0
1084,0
1085,0
1086,0
1087,0
1088,0
1089,0
1090,0
1091,0
1092,0
1093,0
1094,0
1095,0
1096,0
1097,0
1098,0
1099,0
1100,5
1101,5
1102,5
1103,5
1104,5
1105,5
1106,5
1107,5
1108,5
1109,5
1110,5
1111,5
1112,5
1113,5
1114,5
1115,5
1116,5
1117,5
1118,5
1119,5
1120,0
1121,0
1122,0
1123,0
1124,0
1125,0
1126,0
1127,0
1128,0
1129,0
1130,0
1131,0
1132,0
1133,0
1134,0
1135,0
1136,0
1137,0
1138,0
1139,0
1140,0
1141,0
1142,0
1143,0
1144,0
1145,0
1146,0
1147,0
1148,0
1149,0
1150,0
1151,0
1152,0
1153,0
1154,0
1155,0
1156,0
1157,0
1158,0
1159,0
1160,0
1161,0
1162,0
1163,0
1164,0
1165,0
1166,0
1167,0
1168,0
1169,0
1170,0
1171,0
1172,0
1173,0
1174,0
1175,0
1176,0
1177,0
1178,0
1179,0
1180,0
1181,0
1182,0
1183,0
1184,0
1185,0
1186,0
1187,0
1188,0
1189,0
1190,0
1191,0
1192,0
1193,0
1194,0
1195,0
1196,0
1197,0
1198,0
1199,0
1200,0
1201,0
1202,0
1203,0
1204,0
1205,0
1206,0
1207,0
1208,0
1209,0
1210,0
1211,0
1212,0
1213,0
1214,0
1215,0
1216,0
1217,0
1218,0
1219,0
1220,0
1221,0
1222,0
1223,0
1224,0
1225,0
1226,0
1227,0
1228,0
1229,0
1230,0
1231,0
1232,0
1233,0
1234,0
1235,0
1236,0
1237,0
1238,0
1239,0
1240,0
1241,0
1242,0
1243,0
1244,0
1245,0
1246,0
1247,0
1248,0
1249,0
1250,0
1251,0
1252,0
1253,0
1254,0
1255,0
1256,0
1257,0
1258,0
1259,0
1260,0
1261,0
1262,0
1263,0
1264,0
1265,0
1266,0
1267,0
1268,0
1269,0
1270,0
1271,0
1272,0
1273,0
1274,0
1275,0
1276,0
1277,0
1278,0
1279,0
1280,0
1281,0
1282,0
1283,0
1284,0
1285,0
1286,0
1287,0
1288,0
1289,0
1290,0
1291,0
1292,0
1293,0
1294,0
1295,0
1296,0
1297,0
1298,0
1299,0
1300,0
1301,0
1302,0
1303,0
1304,0
1305,0
1306,0
1307,0
1308,0
1309,0
1310,0
1311,0
1312,0
1313,0
1314,0
1315,0
1316,0
1317,0
1318,0
1319,0
1320,0
1321,0
1322,0
1323,0
1324,0
1325,0
1326,0
1327,0
1328,0
1329,0
1330,0
1331,0
1332,0
1333,0
1334,0
1335,0
1336,0
1337,0
1338,0
1339,0
1340,0
1341,0
1342,0
1343,0
1344,0
1345,0
1346,0
1347,0
1348,0
1349,0
1350,0
1351,0
1352,0
1353,0
1354,0
1355,0
1356,0
1357,0
1358,0
1359,0
1360,0
1361,0
1362,0
1363,0
1364,0
1365,0
1366,0
1367,0
1368,0
1369,0
1370,0
1371,0
1372,0
1373,0
1374,0
1375,0
1376,0
1377,0
1378,0
1379,0
1380,0
1381,0
1382,0
1383,0
1384,0
1385,0
1386,0
1387,0
1388,0
1389,0
1390,0
1391,0
1392,0
1393,0
1394,0
1395,0
1396,0
1397,0
1398,0
1399,0
1400,0
1401,0
1402,0
1403,0
1404,0
1405,0
1406,0
1407,0
1408,0
1409,0
1410,0
1411,0
1412,0
1413,0
1414,0
1415,0
1416,0
1417,0
1418,0
1419,0
1420,0
1421,0
1422,0
1423,0
1424,0
1425,0
1426,0
1427,0
1428,0
1429,0
1430,0
1431,0
1432,0
1433,0
1434,0
1435,0
1436,0
1437,0
1438,0
1439,0
1440,0
1441,0
1442,0
1443,0
1444,0
1445,0
1446,0
1447,0
1448,0
1449,0
1450,0
1451,0
1452,0
1453,0
1454,0
1455,0
1456,0
1457,0
1458,0
1459,0
1460,0
1461,0
1462,0
1463,0
1464,0
1465,0
1466,0
1467,0
1468,0
1469,0
1470,0
1471,0
1472,0
1473,0
1474,0
1475,0
1476,0
1477,0
1478,0
1479,0
1480,0
1481,0
1482,0
1483,0
1484,0
1485,0
1486,0
1487,0
1488,0
1489,0
1490,0
1491,0
1492,0
1493,0
1494,0
1495,0
1496,0
1497,0
1498,0
1499,0
1500,0
1501,0
1502,0
1503,0
1504,0
1505,0
1506,0
1507,0
1508,0
1509,0
1510,0
1511,0
1512,0
1513,0
1514,0
1515,0
1516,0
1517,0
1518,0
1519,0
1520,0
1521,0
1522,0
1523,0
1524,0
1525,0
1526,0
1527,0
1528,0
1529,0
1530,0
1531,0
1532,0
1533,0
1534,0
1535,0
1536,0
1537,0
1538,0
1539,0
1540,0
1541,0
1542,0
1543,0
1544,0
1545,0
1546,0
1547,0
1548,0
1549,0
1550,0
1551,0
1552,0
1553,0
1554,0
1555,0
1556,0
1557,0
1558,0
1559,0
1560,0
1561,0
1562,0
1563,0
1564,0
1565,0
1566,0
1567,0
1568,0
1569,0
1570,0
1571,0
1572,0
1573,0
1574,0
1575,0
1576,0
1577,0
1578,0
1579,0
1580,0
1581,0
1582,0
1583,0
1584,0
1585,0
1586,0
1587,0
1588,0
1589,0
1590,0
1591,0
1592,0
1593,0
1594,0
1595,0
1596,0
1597,0
1598,0
1599,0
1600,0
1601,0
1602,0
1603,0
1604,0
1605,0
1606,0
1607,0
1608,0
1609,0
1610,0
1611,0
1612,0
1613,0
1614,0
1615,0
1616,0
1617,0
1618,0
1619,0
1620,0
1621,0
1622,0
1623,0
1624,0
1625,0
1626,0
1627,0
1628,0
1629,0
1630,0
1631,0
1632,0
1633,0
1634,0
1635,0
1636,0
1637,0
1638,0
1639,0
1640,0
1641,0
1642,0
1643,0
1644,0
1645,0
1646,0
1647,0
1648,0
1649,0
1650,0
1651,0
1652,0
1653,0
1654,0
1655,0
1656,0
1657,0
1658,0
1659,0
1660,0
1661,0
1662,0
1663,0
1664,0
1665,0
1666,0
1667,0
1668,0
1669,0
1670,0
1671,0
1672,0
1673,0
1674,0
1675,0
1676,0
1677,0
1678,0
1679,0
1680,0
1681,0
1682,0
1683,0
1684,0
1685,0
1686,0
1687,0
1688,0
1689,0
1690,0
1691,0
1692,0
1693,0
1694,0
1695,0
1696,0
1697,0
1698,0
1699,0
1700,0
1701,0
1702,0
1703,0
1704,0
1705,0
1706,0
1707,0
1708,0
1709,0
1710,0
1711,0
1712,0
1713,0
1714,0
1715,0
1716,0
1717,0
1718,0
1719,0
1720,0
1721,0
1722,0
1723,0
1724,0
1725,0
1726,0
1727,0
1728,0
1729,0
1730,0
1731,0
1732,0
1733,0
1734,0
1735,0
1736,0
1737,0
1738,0
1739,0
1740,0
1741,0
1742,0
1743,0
1744,0
1745,0
1746,0
1747,0
1748,0
1749,0
1750,0
1751,0
1752,0
1753,0
1754,0
1755,0
1756,0
1757,0
1758,0
1759,0
1760,0
1761,0
1762,0
1763,0
1764,0
1765,0
1766,0
1767,0
1768,0
1769,0
1770,0
1771,0
1772,0
1773,0
1774,0
1775,0
1776,0
1777,0
1778,0
1779,0
1780,0
1781,0
1782,0
1783,0
1784,0
1785,0
1786,0
1787,0
1788,0
1789,0
1790,0
1791,0
1792,0
1793,0
1794,0
1795,0
1796,0
1797,0
1798,0
1799,0
1800,0
1801,0
1802,0
1803,0
1804,0
1805,0
1806,0
1807,0
1808,0
1809,0
1810,0
1811,0
1812,0
1813,0
1814,0
1815,0
1816,0
1817,0
1818,0
1819,0
1820,0
1821,0
1822,0
1823,0
1824,0
1825,0
1826,0
1827,0
1828,0
1829,0
1830,0
1831,0
1832,0
1833,0
1834,0
1835,0
1836,0
1837,0
1838,0
1839,0
1840,0
1841,0
1842,0
1843,0
1844,0
1845,0
1846,0
1847,0
1848,0
1849,0
1850,0
1851,0
1852,0
1853,0
1854,0
1855,0
1856,0
1857,0
1858,0
1859,0
1860,0
1861,0
1862,0
1863,0
1864,0
1865,0
1866,0
1867,0
1868,0
1869,0
1870,0
1871,0
1872,0
1873,0
1874,0
1875,0
1876,0
1877,0
1878,0
1879,0
1880,0
1881,0
1882,0
1883,0
1884,0
1885,0
1886,0
1887,0
1888,0
1889,0
1890,0
1891,0
1892,0
1893,0
1894,0
1895,0
1896,0
1897,0
1898,0
1899,0
1900,0
1901,0
1902,0
1903,0
1904,0
1905,0
1906,0
1907,0
1908,0
1909,0
1910,0
1911,0
1912,0
1913,0
1914,0
1915,0
1916,0
1917,0
1918,0
1919,0
1920,0
1921,0
1922,0
1923,0
1924,0
1925,0
1926,0
1927,0
1928,0
1929,0
1930,0
1931,0
1932,0
1933,0
1934,0
1935,0
1936,0
1937,0
1938,0
1939,0
1940,0
1941,0
1942,0
1943,0
1944,0
1945,0
1946,0
1947,0
1948,0
1949,0
1950,0
1951,0
1952,0
1953,0
1954,0
1955,0
1956,0
1957,0
1958,0
1959,0
1960,0
1961,0
1962,0
1963,0
1964,0
1965,0
1966,0
1967,0
1968,0
1969,0
1970,0
1971,0
1972,0
1973,0
1974,0
1975,0
1976,0
1977,0
1978,0
1979,0
1980,0
1981,0
1982,0
1983,0
1984,0
1985,0
1986,0
1987,0
1988,0
1989,0
1990,0
1991,0
1992,0
1993,0
1994,0
1995,0
1996,0
1997,0
1998,0
1999,0
2000,1.008
2001,0.966
2002,0.924
2003,0.882
2004,0.84
2005,0.798
2006,0.756
2007,0.714
2008,0.672
2009,0.63
2010,0.588
2011,0.546
2012,0.504
2013,0.462
2014,0.42
2015,0.378
2016,0.336
2017,0.294
2018,0.252
2019,0.21
2020,0.168
2021,0.126
2022,0.0839999999999996
2023,0.0419999999999996
2024,-3.7470027081099E-16
2025,-0.0420000000000004
2026,-0.0840000000000004
2027,-0.126
2028,-0.168
2029,-0.21
2030,-0.252
2031,-0.294
2032,-0.336
2033,-0.378
2034,-0.42
2035,-0.462
2036,-0.504
2037,-0.546
2038,-0.588
2039,-0.63
2040,-0.672
2041,-0.714000000000001
2042,-0.756000000000001
2043,-0.798000000000001
2044,-0.840000000000001
2045,-0.882000000000001
2046,-0.924000000000001
2047,-0.966000000000001
2048,-1.008
2049,-1.05
2050,-1.008
2051,-0.965999999999999
2052,-0.923999999999999
2053,-0.881999999999999
2054,-0.839999999999999
2055,-0.797999999999999
2056,-0.755999999999999
2057,-0.713999999999999
2058,-0.671999999999999
2059,-0.629999999999999
2060,-0.587999999999999
2061,-0.545999999999999
2062,-0.503999999999999
2063,-0.461999999999999
2064,-0.419999999999999
2065,-0.377999999999999
2066,-0.335999999999999
2067,-0.293999999999999
2068,-0.251999999999999
2069,-0.209999999999999
2070,-0.167999999999999
2071,-0.125999999999999
2072,-0.083999999999999
2073,-0.041999999999999
2074,1.04083408558608E-15
2075,0.042000000000001
2076,0.084000000000001
2077,0.126000000000001
2078,0.168000000000001
2079,0.210000000000001
2080,0.252000000000001
2081,0.294000000000001
2082,0.336000000000001
2083,0.378000000000001
2084,0.420000000000001
2085,0.462000000000001
2086,0.504000000000001
2087,0.546000000000001
2088,0.588000000000001
2089,0.630000000000001
2090,0.672000000000001
2091,0.714000000000001
2092,0.756000000000001
2093,0.798000000000001
2094,0.840000000000001
2095,0.882000000000001
2096,0.924000000000001
2097,0.966000000000001
2098,1.008
2099,1.05
2100,1.008
2101,0.965999999999999
2102,0.923999999999999
2103,0.881999999999999
2104,0.839999999999999
2105,0.797999999999998
2106,0.755999999999998
2107,0.713999999999998
2108,0.671999999999998
2109,0.629999999999998
2110,0.587999999999998
2111,0.545999999999998
2112,0.503999999999998
2113,0.461999999999998
2114,0.419999999999998
2115,0.377999999999998
2116,0.335999999999998
2117,0.293999999999998
2118,0.251999999999998
2119,0.209999999999998
2120,0.167999999999998
2121,0.125999999999998
2122,0.0839999999999983
2123,0.0419999999999983
2124,-1.70696790036118E-15
2125,-0.0420000000000017
2126,-0.0840000000000017
2127,-0.126000000000002
2128,-0.168000000000002
2129,-0.210000000000002
2130,-0.252000000000002
2131,-0.294000000000002
2132,-0.336000000000002
2133,-0.378000000000002
2134,-0.420000000000002
2135,-0.462000000000002
2136,-0.504000000000002
2137,-0.546000000000002
2138,-0.588000000000002
2139,-0.630000000000002
2140,-0.672000000000002
2141,-0.714000000000002
2142,-0.756000000000002
2143,-0.798000000000002
2144,-0.840000000000002
2145,-0.882000000000002
2146,-0.924000000000002
2147,-0.966000000000002
2148,-1.008
2149,-1.05
2150,-1.008
2151,-0.965999999999998
2152,-0.923999999999998
2153,-0.881999999999998
2154,-0.839999999999998
2155,-0.797999999999998
2156,-0.755999999999998
2157,-0.713999999999998
2158,-0.671999999999998
2159,-0.629999999999998
2160,-0.587999999999998
2161,-0.545999999999998
2162,-0.503999999999998
2163,-0.461999999999998
2164,-0.419999999999998
2165,-0.377999999999998
2166,-0.335999999999998
2167,-0.293999999999998
2168,-0.251999999999998
2169,-0.209999999999998
2170,-0.167999999999998
2171,-0.125999999999998
2172,-0.0839999999999976
2173,-0.0419999999999976
2174,2.37310171513627E-15
2175,0.0420000000000024
2176,0.0840000000000024
2177,0.126000000000002
2178,0.168000000000002
2179,0.210000000000002
2180,0.252000000000002
2181,0.294000000000002
2182,0.336000000000002
2183,0.378000000000002
2184,0.420000000000002
2185,0.462000000000002
2186,0.504000000000002
2187,0.546000000000002
2188,0.588000000000002
2189,0.630000000000002
2190,0.672000000000002
2191,0.714000000000003
2192,0.756000000000003
2193,0.798000000000003
2194,0.840000000000003
2195,0.882000000000003
2196,0.924000000000003
2197,0.966000000000003
2198,1.008
2199,1.05
2200,1.008
2201,0.965999999999997
2202,0.923999999999997
2203,0.881999999999997
2204,0.839999999999997
2205,0.797999999999997
2206,0.755999999999997
2207,0.713999999999997
2208,0.671999999999997
2209,0.629999999999997
2210,0.587999999999997
2211,0.545999999999997
2212,0.503999999999997
2213,0.461999999999997
2214,0.419999999999997
2215,0.377999999999997
2216,0.335999999999997
2217,0.293999999999997
2218,0.251999999999997
2219,0.209999999999997
2220,0.167999999999997
2221,0.125999999999997
2222,0.083999999999997
2223,0.041999999999997
2224,-3.03923552991137E-15
2225,-0.042000000000003
2226,-0.084000000000003
2227,-0.126000000000003
2228,-0.168000000000003
2229,-0.210000000000003
2230,-0.252000000000003
2231,-0.294000000000003
2232,-0.336000000000003
2233,-0.378000000000003
2234,-0.420000000000003
2235,-0.462000000000003
2236,-0.504000000000003
2237,-0.546000000000003
2238,-0.588000000000003
2239,-0.630000000000003
2240,-0.672000000000003
2241,-0.714000000000003
2242,-0.756000000000003
2243,-0.798000000000003
2244,-0.840000000000003
2245,-0.882000000000003
2246,-0.924000000000003
2247,-0.966000000000003
2248,-1.008
2249,-1.05
2250,-1.008
2251,-0.965999999999997
2252,-0.923999999999997
2253,-0.881999999999997
2254,-0.839999999999997
2255,-0.797999999999996
2256,-0.755999999999996
2257,-0.713999999999996
2258,-0.671999999999996
2259,-0.629999999999996
2260,-0.587999999999996
2261,-0.545999999999996
2262,-0.503999999999996
2263,-0.461999999999996
2264,-0.419999999999996
2265,-0.377999999999996
2266,-0.335999999999996
2267,-0.293999999999996
2268,-0.251999999999996
2269,-0.209999999999996
2270,-0.167999999999996
2271,-0.125999999999996
2272,-0.0839999999999963
2273,-0.0419999999999963
2274,3.70536934468646E-15
2275,0.0420000000000037
2276,0.0840000000000037
2277,0.126000000000004
2278,0.168000000000004
2279,0.210000000000004
2280,0.252000000000004
2281,0.294000000000004
2282,0.336000000000004
2283,0.378000000000004
2284,0.420000000000004
2285,0.462000000000004
2286,0.504000000000004
2287,0.546000000000004
2288,0.588000000000004
2289,0.630000000000004
2290,0.672000000000004
2291,0.714000000000004
2292,0.756000000000004
2293,0.798000000000004
2294,0.840000000000004
2295,0.882000000000004
2296,0.924000000000004
2297,0.966000000000004
2298,1.008
2299,1.05
2300,1.008
2301,0.965999999999996
2302,0.923999999999996
2303,0.881999999999996
2304,0.839999999999996
2305,0.797999999999996
2306,0.755999999999996
2307,0.713999999999996
2308,0.671999999999996
2309,0.629999999999996
2310,0.587999999999996
2311,0.545999999999996
2312,0.503999999999996
2313,0.461999999999996
2314,0.419999999999996
2315,0.377999999999996
2316,0.335999999999996
2317,0.293999999999996
2318,0.251999999999996
2319,0.209999999999996
2320,0.167999999999996
2321,0.125999999999996
2322,0.0839999999999956
2323,0.0419999999999956
2324,-4.37150315946155E-15
2325,-0.0420000000000044
2326,-0.0840000000000044
2327,-0.126000000000004
2328,-0.168000000000004
2329,-0.210000000000004
2330,-0.252000000000004
2331,-0.294000000000004
2332,-0.336000000000004
2333,-0.378000000000004
2334,-0.420000000000004
2335,-0.462000000000004
2336,-0.504000000000004
2337,-0.546000000000004
2338,-0.588000000000004
2339,-0.630000000000004
2340,-0.672000000000004
2341,-0.714000000000005
2342,-0.756000000000005
2343,-0.798000000000005
2344,-0.840000000000005
2345,-0.882000000000005
2346,-0.924000000000005
2347,-0.966000000000005
2348,-1.008
2349,-1.05
2350,-1.008
2351,-0.965999999999995
2352,-0.923999999999995
2353,-0.881999999999995
2354,-0.839999999999995
2355,-0.797999999999995
2356,-0.755999999999995
2357,-0.713999999999995
2358,-0.671999999999995
2359,-0.629999999999995
2360,-0.587999999999995
2361,-0.545999999999995
2362,-0.503999999999995
2363,-0.461999999999995
2364,-0.419999999999995
2365,-0.377999999999995
2366,-0.335999999999995
2367,-0.293999999999995
2368,-0.251999999999995
2369,-0.209999999999995
2370,-0.167999999999995
2371,-0.125999999999995
2372,-0.083999999999995
2373,-0.041999999999995
2374,5.03763697423665E-15
2375,0.042000000000005
2376,0.084000000000005
2377,0.126000000000005
2378,0.168000000000005
2379,0.210000000000005
2380,0.252000000000005
2381,0.294000000000005
2382,0.336000000000005
2383,0.378000000000005
2384,0.420000000000005
2385,0.462000000000005
2386,0.504000000000005
2387,0.546000000000005
2388,0.588000000000005
2389,0.630000000000005
2390,0.672000000000005
2391,0.714000000000005
2392,0.756000000000005
2393,0.798000000000005
2394,0.840000000000005
2395,0.882000000000005
2396,0.924000000000005
2397,0.966000000000005
2398,1.00800000000001
2399,1.04999999999999
2400,1.00799999999999
2401,0.965999999999995
2402,0.923999999999995
2403,0.881999999999995
2404,0.839999999999995
2405,0.797999999999994
2406,0.755999999999994
2407,0.713999999999994
2408,0.671999999999994
2409,0.629999999999994
2410,0.587999999999994
2411,0.545999999999994
2412,0.503999999999994
2413,0.461999999999994
2414,0.419999999999994
2415,0.377999999999994
2416,0.335999999999994
2417,0.293999999999994
2418,0.251999999999994
2419,0.209999999999994
2420,0.167999999999994
2421,0.125999999999994
2422,0.0839999999999943
2423,0.0419999999999943
2424,-5.70377078901174E-15
2425,-0.0420000000000057
2426,-0.0840000000000057
2427,-0.126000000000006
2428,-0.168000000000006
2429,-0.210000000000006
2430,-0.252000000000006
2431,-0.294000000000006
2432,-0.336000000000006
2433,-0.378000000000006
2434,-0.420000000000006
2435,-0.462000000000006
2436,-0.504000000000006
2437,-0.546000000000006
2438,-0.588000000000006
2439,-0.630000000000006
2440,-0.672000000000006
2441,-0.714000000000006
2442,-0.756000000000006
2443,-0.798000000000006
2444,-0.840000000000006
2445,-0.882000000000006
2446,-0.924000000000006
2447,-0.966000000000006
2448,-1.00800000000001
2449,-1.04999999999999
2450,-1.00799999999999
2451,-0.965999999999994
2452,-0.923999999999994
2453,-0.881999999999994
2454,-0.839999999999994
2455,-0.797999999999994
2456,-0.755999999999994
2457,-0.713999999999994
2458,-0.671999999999994
2459,-0.629999999999994
2460,-0.587999999999994
2461,-0.545999999999994
2462,-0.503999999999994
2463,-0.461999999999994
2464,-0.419999999999994
2465,-0.377999999999994
2466,-0.335999999999994
2467,-0.293999999999994
2468,-0.251999999999994
2469,-0.209999999999994
2470,-0.167999999999994
2471,-0.125999999999994
2472,-0.0839999999999936
2473,-0.0419999999999936
2474,6.36990460378684E-15
2475,0.0420000000000064
2476,0.0840000000000064
2477,0.126000000000006
2478,0.168000000000006
2479,0.210000000000006
2480,0.252000000000006
2481,0.294000000000006
2482,0.336000000000006
2483,0.378000000000006
2484,0.420000000000006
2485,0.462000000000006
2486,0.504000000000006
2487,0.546000000000006
2488,0.588000000000006
2489,0.630000000000006
2490,0.672000000000006
2491,0.714000000000007
2492,0.756000000000007
2493,0.798000000000007
2494,0.840000000000007
2495,0.882000000000007
2496,0.924000000000007
2497,0.966000000000007
2498,1.00800000000001
2499,1.04999999999999
2500,1.00799999999999
2501,0.965999999999993
2502,0.923999999999993
2503,0.881999999999993
2504,0.839999999999993
2505,0.797999999999993
2506,0.755999999999993
2507,0.713999999999993
2508,0.671999999999993
2509,0.629999999999993
2510,0.587999999999993
2511,0.545999999999993
2512,0.503999999999993
2513,0.461999999999993
2514,0.419999999999993
2515,0.377999999999993
2516,0.335999999999993
2517,0.293999999999993
2518,0.251999999999993
2519,0.209999999999993
2520,0.167999999999993
2521,0.125999999999993
2522,0.083999999999993
2523,0.041999999999993
2524,-7.03603841856193E-15
2525,-0.042000000000007
2526,-0.084000000000007
2527,-0.126000000000007
2528,-0.168000000000007
2529,-0.210000000000007
2530,-0.252000000000007
2531,-0.294000000000007
2532,-0.336000000000007
2533,-0.378000000000007
2534,-0.420000000000007
2535,-0.462000000000007
2536,-0.504000000000007
2537,-0.546000000000007
2538,-0.588000000000007
2539,-0.630000000000007
2540,-0.672000000000007
2541,-0.714000000000007
2542,-0.756000000000007
2543,-0.798000000000007
2544,-0.840000000000007
2545,-0.882000000000007
2546,-0.924000000000007
2547,-0.966000000000007
2548,-1.00800000000001
2549,-1.04999999999999
2550,-1.00799999999999
2551,-0.965999999999993
2552,-0.923999999999993
2553,-0.881999999999993
2554,-0.839999999999993
2555,-0.797999999999992
2556,-0.755999999999992
2557,-0.713999999999992
2558,-0.671999999999992
2559,-0.629999999999992
2560,-0.587999999999992
2561,-0.545999999999992
2562,-0.503999999999992
2563,-0.461999999999992
2564,-0.419999999999992
2565,-0.377999999999992
2566,-0.335999999999992
2567,-0.293999999999992
2568,-0.251999999999992
2569,-0.209999999999992
2570,-0.167999999999992
2571,-0.125999999999992
2572,-0.0839999999999923
2573,-0.0419999999999923
2574,7.70217223333702E-15
2575,0.0420000000000077
2576,0.0840000000000077
2577,0.126000000000008
2578,0.168000000000008
2579,0.210000000000008
2580,0.252000000000008
2581,0.294000000000008
2582,0.336000000000008
2583,0.378000000000008
2584,0.420000000000008
2585,0.462000000000008
2586,0.504000000000008
2587,0.546000000000008
2588,0.588000000000008
2589,0.630000000000008
2590,0.672000000000008
2591,0.714000000000008
2592,0.756000000000008
2593,0.798000000000008
2594,0.840000000000008
2595,0.882000000000008
2596,0.924000000000008
2597,0.966000000000008
2598,1.00800000000001
2599,1.04999999999999
2600,1.00799999999999
2601,0.965999999999992
2602,0.923999999999992
2603,0.881999999999992
2604,0.839999999999992
2605,0.797999999999992
2606,0.755999999999992
2607,0.713999999999992
2608,0.671999999999992
2609,0.629999999999992
2610,0.587999999999992
2611,0.545999999999992
2612,0.503999999999992
2613,0.461999999999992
2614,0.419999999999992
2615,0.377999999999992
2616,0.335999999999992
2617,0.293999999999992
2618,0.251999999999992
2619,0.209999999999992
2620,0.167999999999992
2621,0.125999999999992
2622,0.0839999999999916
2623,0.0419999999999916
2624,-8.36830604811212E-15
2625,-0.0420000000000084
2626,-0.0840000000000084
2627,-0.126000000000008
2628,-0.168000000000008
2629,-0.210000000000008
2630,-0.252000000000008
2631,-0.294000000000008
2632,-0.336000000000008
2633,-0.378000000000008
2634,-0.420000000000008
2635,-0.462000000000008
2636,-0.504000000000008
2637,-0.546000000000008
2638,-0.588000000000008
2639,-0.630000000000008
2640,-0.672000000000008
2641,-0.714000000000009
2642,-0.756000000000009
2643,-0.798000000000009
2644,-0.840000000000009
2645,-0.882000000000009
2646,-0.924000000000009
2647,-0.966000000000009
2648,-1.00800000000001
2649,-1.04999999999999
2650,-1.00799999999999
2651,-0.965999999999991
2652,-0.923999999999991
2653,-0.881999999999991
2654,-0.839999999999991
2655,-0.797999999999991
2656,-0.755999999999991
2657,-0.713999999999991
2658,-0.671999999999991
2659,-0.629999999999991
2660,-0.587999999999991
2661,-0.545999999999991
2662,-0.503999999999991
2663,-0.461999999999991
2664,-0.419999999999991
2665,-0.377999999999991
2666,-0.335999999999991
2667,-0.293999999999991
2668,-0.251999999999991
2669,-0.209999999999991
2670,-0.167999999999991
2671,-0.125999999999991
2672,-0.083999999999991
2673,-0.041999999999991
2674,9.03443986288721E-15
2675,0.042000000000009
2676,0.084000000000009
2677,0.126000000000009
2678,0.168000000000009
2679,0.210000000000009
2680,0.252000000000009
2681,0.294000000000009
2682,0.336000000000009
2683,0.378000000000009
2684,0.420000000000009
2685,0.462000000000009
2686,0.504000000000009
2687,0.546000000000009
2688,0.588000000000009
2689,0.630000000000009
2690,0.672000000000009
2691,0.714000000000009
2692,0.756000000000009
2693,0.798000000000009
2694,0.840000000000009
2695,0.882000000000009
2696,0.924000000000009
2697,0.966000000000009
2698,1.00800000000001
2699,1.04999999999999
2700,1.00799999999999
2701,0.965999999999991
2702,0.923999999999991
2703,0.881999999999991
2704,0.839999999999991
2705,0.79799999999999
2706,0.75599999999999
2707,0.71399999999999
2708,0.67199999999999
2709,0.62999999999999
2710,0.58799999999999
2711,0.54599999999999
2712,0.50399999999999
2713,0.46199999999999
2714,0.41999999999999
2715,0.37799999999999
2716,0.33599999999999
2717,0.29399999999999
2718,0.25199999999999
2719,0.20999999999999
2720,0.16799999999999
2721,0.12599999999999
2722,0.0839999999999903
2723,0.0419999999999903
2724,-9.70057367766231E-15
2725,-0.0420000000000097
2726,-0.0840000000000097
2727,-0.12600000000001
2728,-0.16800000000001
2729,-0.21000000000001
2730,-0.25200000000001
2731,-0.29400000000001
2732,-0.33600000000001
2733,-0.37800000000001
2734,-0.42000000000001
2735,-0.46200000000001
2736,-0.50400000000001
2737,-0.54600000000001
2738,-0.58800000000001
2739,-0.63000000000001
2740,-0.67200000000001
2741,-0.71400000000001
2742,-0.75600000000001
2743,-0.79800000000001
2744,-0.84000000000001
2745,-0.88200000000001
2746,-0.92400000000001
2747,-0.96600000000001
2748,-1.00800000000001
2749,-1.04999999999999
2750,-1.00799999999999
2751,-0.96599999999999
2752,-0.92399999999999
2753,-0.88199999999999
2754,-0.83999999999999
2755,-0.79799999999999
2756,-0.75599999999999
2757,-0.71399999999999
2758,-0.67199999999999
2759,-0.62999999999999
2760,-0.58799999999999
2761,-0.54599999999999
2762,-0.50399999999999
2763,-0.46199999999999
2764,-0.41999999999999
2765,-0.37799999999999
2766,-0.33599999999999
2767,-0.29399999999999
2768,-0.25199999999999
2769,-0.20999999999999
2770,-0.16799999999999
2771,-0.12599999999999
2772,-0.0839999999999896
2773,-0.0419999999999896
2774,1.03667074924374E-14
2775,0.0420000000000104
2776,0.0840000000000104
2777,0.12600000000001
2778,0.16800000000001
2779,0.21000000000001
2780,0.25200000000001
2781,0.29400000000001
2782,0.33600000000001
2783,0.37800000000001
2784,0.42000000000001
2785,0.46200000000001
2786,0.50400000000001
2787,0.54600000000001
2788,0.58800000000001
2789,0.63000000000001
2790,0.67200000000001
2791,0.714000000000011
2792,0.756000000000011
2793,0.798000000000011
2794,0.840000000000011
2795,0.882000000000011
2796,0.924000000000011
2797,0.966000000000011
2798,1.00800000000001
2799,1.04999999999999
2800,1.00799999999999
2801,0.965999999999989
2802,0.923999999999989
2803,0.881999999999989
2804,0.839999999999989
2805,0.797999999999989
2806,0.755999999999989
2807,0.713999999999989
2808,0.671999999999989
2809,0.629999999999989
2810,0.587999999999989
2811,0.545999999999989
2812,0.503999999999989
2813,0.461999999999989
2814,0.419999999999989
2815,0.377999999999989
2816,0.335999999999989
2817,0.293999999999989
2818,0.251999999999989
2819,0.209999999999989
2820,0.167999999999989
2821,0.125999999999989
2822,0.083999999999989
2823,0.041999999999989
2824,-1.10328413072125E-14
2825,-0.042000000000011
2826,-0.084000000000011
2827,-0.126000000000011
2828,-0.168000000000011
2829,-0.210000000000011
2830,-0.252000000000011
2831,-0.294000000000011
2832,-0.336000000000011
2833,-0.378000000000011
2834,-0.420000000000011
2835,-0.462000000000011
2836,-0.504000000000011
2837,-0.546000000000011
2838,-0.588000000000011
2839,-0.630000000000011
2840,-0.672000000000011
2841,-0.714000000000011
2842,-0.756000000000011
2843,-0.798000000000011
2844,-0.840000000000011
2845,-0.882000000000011
2846,-0.924000000000011
2847,-0.966000000000011
2848,-1.00800000000001
2849,-1.04999999999999
2850,-1.00799999999999
2851,-0.965999999999989
2852,-0.923999999999989
2853,-0.881999999999989
2854,-0.839999999999989
2855,-0.797999999999988
2856,-0.755999999999988
2857,-0.713999999999988
2858,-0.671999999999988
2859,-0.629999999999988
2860,-0.587999999999988
2861,-0.545999999999988
2862,-0.503999999999988
2863,-0.461999999999988
2864,-0.419999999999988
2865,-0.377999999999988
2866,-0.335999999999988
2867,-0.293999999999988
2868,-0.251999999999988
2869,-0.209999999999988
2870,-0.167999999999988
2871,-0.125999999999988
2872,-0.0839999999999883
2873,-0.0419999999999883
2874,1.16989751219876E-14
2875,0.0420000000000117
2876,0.0840000000000117
2877,0.126000000000012
2878,0.168000000000012
2879,0.210000000000012
2880,0.252000000000012
2881,0.294000000000012
2882,0.336000000000012
2883,0.378000000000012
2884,0.420000000000012
2885,0.462000000000012
2886,0.504000000000012
2887,0.546000000000012
2888,0.588000000000012
2889,0.630000000000012
2890,0.672000000000012
2891,0.714000000000012
2892,0.756000000000012
2893,0.798000000000012
2894,0.840000000000012
2895,0.882000000000012
2896,0.924000000000012
2897,0.966000000000012
2898,1.00800000000001
2899,1.04999999999999
2900,1.00799999999999
2901,0.965999999999988
2902,0.923999999999988
2903,0.881999999999988
2904,0.839999999999988
2905,0.797999999999988
2906,0.755999999999988
2907,0.713999999999988
2908,0.671999999999988
2909,0.629999999999988
2910,0.587999999999988
2911,0.545999999999988
2912,0.503999999999988
2913,0.461999999999988
2914,0.419999999999988
2915,0.377999999999988
2916,0.335999999999988
2917,0.293999999999988
2918,0.251999999999988
2919,0.209999999999988
2920,0.167999999999988
2921,0.125999999999988
2922,0.0839999999999876
2923,0.0419999999999876
2924,-1.23651089367627E-14
2925,-0.0420000000000124
2926,-0.0840000000000124
2927,-0.126000000000012
2928,-0.168000000000012
2929,-0.210000000000012
2930,-0.252000000000012
2931,-0.294000000000012
2932,-0.336000000000012
2933,-0.378000000000012
2934,-0.420000000000012
2935,-0.462000000000012
2936,-0.504000000000012
2937,-0.546000000000012
2938,-0.588000000000012
2939,-0.630000000000012
2940,-0.672000000000012
2941,-0.714000000000013
2942,-0.756000000000013
2943,-0.798000000000013
2944,-0.840000000000013
2945,-0.882000000000013
2946,-0.924000000000013
2947,-0.966000000000013
2948,-1.00800000000001
2949,-1.04999999999999
2950,-1.00799999999999
2951,-0.965999999999987
2952,-0.923999999999987
2953,-0.881999999999987
2954,-0.839999999999987
2955,-0.797999999999987
2956,-0.755999999999987
2957,-0.713999999999987
2958,-0.671999999999987
2959,-0.629999999999987
2960,-0.587999999999987
2961,-0.545999999999987
2962,-0.503999999999987
2963,-0.461999999999987
2964,-0.419999999999987
2965,-0.377999999999987
2966,-0.335999999999987
2967,-0.293999999999987
2968,-0.251999999999987
2969,-0.209999999999987
2970,-0.167999999999987
2971,-0.125999999999987
2972,-0.083999999999987
2973,-0.041999999999987
2974,1.30312427515378E-14
2975,0.042000000000013
2976,0.084000000000013
2977,0.126000000000013
2978,0.168000000000013
2979,0.210000000000013
2980,0.252000000000013
2981,0.294000000000013
2982,0.336000000000013
2983,0.378000000000013
2984,0.420000000000013
2985,0.462000000000013
2986,0.504000000000013
2987,0.546000000000013
2988,0.588000000000013
2989,0.630000000000013
2990,0.672000000000013
2991,0.714000000000013
2992,0.756000000000013
2993,0.798000000000013
2994,0.840000000000013
2995,0.882000000000013
2996,0.924000000000013
2997,0.966000000000013
2998,1.00800000000001
2999,1.04999999999999
3000,-9
3001,-9
3002,-9
3003,-9
3004,-9
3005,-9
3006,-9
3007,-9
3008,-9
3009,-9
3010,-9
3011,-9
3012,-9
3013,-9
3014,-9
3015,-9
3016,-9
3017,-9
3018,-9
3019,-9
3020,-9
3021,-9
3022,-9
3023,-9
3024,-9
3025,-9
3026,-9
3027,-9
3028,-9
3029,-9
3030,-9
3031,-9
3032,-9
3033,-9
3034,-9
3035,-9
3036,-9
3037,-9
3038,-9
3039,-9
3040,-9
3041,-9
3042,-9
3043,-9
3044,-9
3045,-9
3046,-9
3047,-9
3048,-9
3049,-9
3050,-9
3051,-9
3052,-9
3053,-9
3054,-9
3055,-9
3056,-9
3057,-9
3058,-9
3059,-9
3060,-9
3061,-9
3062,-9
3063,-9
3064,-9
3065,-9
3066,-9
3067,-9
3068,-9
3069,-9
3070,-9
3071,-9
3072,-9
3073,-9
3074,-9
3075,-9
3076,-9
3077,-9
3078,-9
3079,-9
3080,-9
3081,-9
3082,-9
3083,-9
3084,-9
3085,-9
3086,-9
3087,-9
3088,-9
3089,-9
3090,-9
3091,-9
3092,-9
3093,-9
3094,-9
3095,-9
3096,-9
3097,-9
3098,-9
3099,-9
3100,-9
3101,-9
3102,-9
3103,-9
3104,-9
3105,-9
3106,-9
3107,-9
3108,-9
3109,-9
3110,-9
3111,-9
3112,-9
3113,-9
3114,-9
3115,-9
3116,-9
3117,-9
3118,-9
3119,-9
3120,-9
3121,-9
3122,-9
3123,-9
3124,-9
3125,-9
3126,-9
3127,-9
3128,-9
3129,-9
3130,-9
3131,-9
3132,-9
3133,-9
3134,-9
3135,-9
3136,-9
3137,-9
3138,-9
3139,-9
3140,-9
3141,-9
3142,-9
3143,-9
3144,-9
3145,-9
3146,-9
3147,-9
3148,-9
3149,-9
3150,-9
3151,-9
3152,-9
3153,-9
3154,-9
3155,-9
3156,-9
3157,-9
3158,-9
3159,-9
3160,-9
3161,-9
3162,-9
3163,-9
3164,-9
3165,-9
3166,-9
3167,-9
3168,-9
3169,-9
3170,-9
3171,-9
3172,-9
3173,-9
3174,-9
3175,-9
3176,-9
3177,-9
3178,-9
3179,-9
3180,-9
3181,-9
3182,-9
3183,-9
3184,-9
3185,-9
3186,-9
3187,-9
3188,-9
3189,-9
3190,-9
3191,-9
3192,-9
3193,-9
3194,-9
3195,-9
3196,-9
3197,-9
3198,-9
3199,-9
3200,-9
3201,-9
3202,-9
3203,-9
3204,-9
3205,-9
3206,-9
3207,-9
3208,-9
3209,-9
3210,-9
3211,-9
3212,-9
3213,-9
3214,-9
3215,-9
3216,-9
3217,-9
3218,-9
3219,-9
3220,-9
3221,-9
3222,-9
3223,-9
3224,-9
3225,-9
3226,-9
3227,-9
3228,-9
3229,-9
3230,-9
3231,-9
3232,-9
3233,-9
3234,-9
3235,-9
3236,-9
3237,-9
3238,-9
3239,-9
3240,-9
3241,-9
3242,-9
3243,-9
3244,-9
3245,-9
3246,-9
3247,-9
3248,-9
3249,-9
3250,-9
3251,-9
3252,-9
3253,-9
3254,-9
3255,-9
3256,-9
3257,-9
3258,-9
3259,-9
3260,-9
3261,-9
3262,-9
3263,-9
3264,-9
3265,-9
3266,-9
3267,-9
3268,-9
3269,-9
3270,-9
3271,-9
3272,-9
3273,-9
3274,-9
3275,-9
3276,-9
3277,-9
3278,-9
3279,-9
3280,-9
3281,-9
3282,-9
3283,-9
3284,-9
3285,-9
3286,-9
3287,-9
3288,-9
3289,-9
3290,-9
3291,-9
3292,-9
3293,-9
3294,-9
3295,-9
3296,-9
3297,-9
3298,-9
3299,-9
3300,-9
3301,-9
3302,-9
3303,-9
3304,-9
3305,-9
3306,-9
3307,-9
3308,-9
3309,-9
3310,-9
3311,-9
3312,-9
3313,-9
3314,-9
3315,-9
3316,-9
3317,-9
3318,-9
3319,-9
3320,-9
3321,-9
3322,-9
3323,-9
3324,-9
3325,-9
3326,-9
3327,-9
3328,-9
3329,-9
3330,-9
3331,-9
3332,-9
3333,-9
3334,-9
3335,-9
3336,-9
3337,-9
3338,-9
3339,-9
3340,-9
3341,-9
3342,-9
3343,-9
3344,-9
3345,-9
3346,-9
3347,-9
3348,-9
3349,-9
3350,-9
3351,-9
3352,-9
3353,-9
3354,-9
3355,-9
3356,-9
3357,-9
3358,-9
3359,-9
3360,-9
3361,-9
3362,-9
3363,-9
3364,-9
3365,-9
3366,-9
3367,-9
3368,-9
3369,-9
3370,-9
3371,-9
3372,-9
3373,-9
3374,-9
3375,-9
3376,-9
3377,-9
3378,-9
3379,-9
3380,-9
3381,-9
3382,-9
3383,-9
3384,-9
3385,-9
3386,-9
3387,-9
3388,-9
3389,-9
3390,-9
3391,-9
3392,-9
3393,-9
3394,-9
3395,-9
3396,-9
3397,-9
3398,-9
3399,-9
3400,-9
3401,-9
3402,-9
3403,-9
3404,-9
3405,-9
3406,-9
3407,-9
3408,-9
3409,-9
3410,-9
3411,-9
3412,-9
3413,-9
3414,-9
3415,-9
3416,-9
3417,-9
3418,-9
3419,-9
3420,-9
3421,-9
3422,-9
3423,-9
3424,-9
3425,-9
3426,-9
3427,-9
3428,-9
3429,-9
3430,-9
3431,-9
3432,-9
3433,-9
3434,-9
3435,-9
3436,-9
3437,-9
3438,-9
3439,-9
3440,-9
3441,-9
3442,-9
3443,-9
3444,-9
3445,-9
3446,-9
3447,-9
3448,-9
3449,-9
3450,-9
3451,-9
3452,-9
3453,-9
3454,-9
3455,-9
3456,-9
3457,-9
3458,-9
3459,-9
3460,-9
3461,-9
3462,-9
3463,-9
3464,-9
3465,-9
3466,-9
3467,-9
3468,-9
3469,-9
3470,-9
3471,-9
3472,-9
3473,-9
3474,-9
3475,-9
3476,-9
3477,-9
3478,-9
3479,-9
3480,-9
3481,-9
3482,-9
3483,-9
3484,-9
3485,-9
3486,-9
3487,-9
3488,-9
3489,-9
3490,-9
3491,-9
3492,-9
3493,-9
3494,-9
3495,-9
3496,-9
3497,-9
3498,-9
3499,-9
3500,-9
3501,-9
3502,-9
3503,-9
3504,-9
3505,-9
3506,-9
3507,-9
3508,-9
3509,-9
3510,-9
3511,-9
3512,-9
3513,-9
3514,-9
3515,-9
3516,-9
3517,-9
3518,-9
3519,-9
3520,-9
3521,-9
3522,-9
3523,-9
3524,-9
3525,-9
3526,-9
3527,-9
3528,-9
3529,-9
3530,-9
3531,-9
3532,-9
3533,-9
3534,-9
3535,-9
3536,-9
3537,-9
3538,-9
3539,-9
3540,-9
3541,-9
3542,-9
3543,-9
3544,-9
3545,-9
3546,-9
3547,-9
3548,-9
3549,-9
3550,-9
3551,-9
3552,-9
3553,-9
3554,-9
3555,-9
3556,-9
3557,-9
3558,-9
3559,-9
3560,-9
3561,-9
3562,-9
3563,-9
3564,-9
3565,-9
3566,-9
3567,-9
3568,-9
3569,-9
3570,-9
3571,-9
3572,-9
3573,-9
3574,-9
3575,-9
3576,-9
3577,-9
3578,-9
3579,-9
3580,-9
3581,-9
3582,-9
3583,-9
3584,-9
3585,-9
3586,-9
3587,-9
3588,-9
3589,-9
3590,-9
3591,-9
3592,-9
3593,-9
3594,-9
3595,-9
3596,-9
3597,-9
3598,-9
3599,-9
3600,-9
3601,-9
3602,-9
3603,-9
3604,-9
3605,-9
3606,-9
3607,-9
3608,-9
3609,-9
3610,-9
3611,-9
3612,-9
3613,-9
3614,-9
3615,-9
3616,-9
3617,-9
3618,-9
3619,-9
3620,-9
3621,-9
3622,-9
3623,-9
3624,-9
3625,-9
3626,-9
3627,-9
3628,-9
3629,-9
3630,-9
3631,-9
3632,-9
3633,-9
3634,-9
3635,-9
3636,-9
3637,-9
3638,-9
3639,-9
3640,-9
3641,-9
3642,-9
3643,-9
3644,-9
3645,-9
3646,-9
3647,-9
3648,-9
3649,-9
3650,-9
3651,-9
3652,-9
3653,-9
3654,-9
3655,-9
3656,-9
3657,-9
3658,-9
3659,-9
3660,-9
3661,-9
3662,-9
3663,-9
3664,-9
3665,-9
3666,-9
3667,-9
3668,-9
3669,-9
3670,-9
3671,-9
3672,-9
3673,-9
3674,-9
3675,-9
3676,-9
3677,-9
3678,-9
3679,-9
3680,-9
3681,-9
3682,-9
3683,-9
3684,-9
3685,-9
3686,-9
3687,-9
3688,-9
3689,-9
3690,-9
3691,-9
3692,-9
3693,-9
3694,-9
3695,-9
3696,-9
3697,-9
3698,-9
3699,-9
3700,-9
3701,-9
3702,-9
3703,-9
3704,-9
3705,-9
3706,-9
3707,-9
3708,-9
3709,-9
3710,-9
3711,-9
3712,-9
3713,-9
3714,-9
3715,-9
3716,-9
3717,-9
3718,-9
3719,-9
3720,-9
3721,-9
3722,-9
3723,-9
3724,-9
3725,-9
3726,-9
3727,-9
3728,-9
3729,-9
3730,-9
3731,-9
3732,-9
3733,-9
3734,-9
3735,-9
3736,-9
3737,-9
3738,-9
3739,-9
3740,-9
3741,-9
3742,-9
3743,-9
3744,-9
3745,-9
3746,-9
3747,-9
3748,-9
3749,-9
3750,-9
3751,-9
3752,-9
3753,-9
3754,-9
3755,-9
3756,-9
3757,-9
3758,-9
3759,-9
3760,-9
3761,-9
3762,-9
3763,-9
3764,-9
3765,-9
3766,-9
3767,-9
3768,-9
3769,-9
3770,-9
3771,-9
3772,-9
3773,-9
3774,-9
3775,-9
3776,-9
3777,-9
3778,-9
3779,-9
3780,-9
3781,-9
3782,-9
3783,-9
3784,-9
3785,-9
3786,-9
3787,-9
3788,-9
3789,-9
3790,-9
3791,-9
3792,-9
3793,-9
3794,-9
3795,-9
3796,-9
3797,-9
3798,-9
3799,-9
3800,-9
3801,-9
3802,-9
3803,-9
3804,-9
3805,-9
3806,-9
3807,-9
3808,-9
3809,-9
3810,-9
3811,-9
3812,-9
3813,-9
3814,-9
3815,-9
3816,-9
3817,-9
3818,-9
3819,-9
3820,-9
3821,-9
3822,-9
3823,-9
3824,-9
3825,-9
3826,-9
3827,-9
3828,-9
3829,-9
3830,-9
3831,-9
3832,-9
3833,-9
3834,-9
3835,-9
3836,-9
3837,-9
3838,-9
3839,-9
3840,-9
3841,-9
3842,-9
3843,-9
3844,-9
3845,-9
3846,-9
3847,-9
3848,-9
3849,-9
3850,-9
3851,-9
3852,-9
3853,-9
3854,-9
3855,-9
3856,-9
3857,-9
3858,-9
3859,-9
3860,-9
3861,-9
3862,-9
3863,-9
3864,-9
3865,-9
3866,-9
3867,-9
3868,-9
3869,-9
3870,-9
3871,-9
3872,-9
3873,-9
3874,-9
3875,-9
3876,-9
3877,-9
3878,-9
3879,-9
3880,-9
3881,-9
3882,-9
3883,-9
3884,-9
3885,-9
3886,-9
3887,-9
3888,-9
3889,-9
3890,-9
3891,-9
3892,-9
3893,-9
3894,-9
3895,-9
3896,-9
3897,-9
3898,-9
3899,-9
3900,-9
3901,-9
3902,-9
3903,-9
3904,-9
3905,-9
3906,-9
3907,-9
3908,-9
3909,-9
3910,-9
3911,-9
3912,-9
3913,-9
3914,-9
3915,-9
3916,-9
3917,-9
3918,-9
3919,-9
3920,-9
3921,-9
3922,-9
3923,-9
3924,-9
3925,-9
3926,-9
3927,-9
3928,-9
3929,-9
3930,-9
3931,-9
3932,-9
3933,-9
3934,-9
3935,-9
3936,-9
3937,-9
3938,-9
3939,-9
3940,-9
3941,-9
3942,-9
3943,-9
3944,-9
3945,-9
3946,-9
3947,-9
3948,-9
3949,-9
3950,-9
3951,-9
3952,-9
3953,-9
3954,-9
3955,-9
3956,-9
3957,-9
3958,-9
3959,-9
3960,-9
3961,-9
3962,-9
3963,-9
3964,-9
3965,-9
3966,-9
3967,-9
3968,-9
3969,-9
3970,-9
3971,-9
3972,-9
3973,-9
3974,-9
3975,-9
3976,-9
3977,-9
3978,-9
3979,-9
3980,-9
3981,-9
3982,-9
3983,-9
3984,-9
3985,-9
3986,-9
3987,-9
3988,-9
3989,-9
3990,-9
3991,-9
3992,-9
3993,-9
3994,-9
3995,-9
3996,-9
3997,-9
3998,-9
3999,-9
